600
0.1
0.04
4
3
26
1 2 2000
2 3 3000
3 4 4500
4 3 3500
1 420
2 375
3 265
1 600
2 400
3 150
4 100
5 300
6 480
7 150
8 300
9 180
10 200
11 80
12 90
13 400
14 600
15 700
16 500
17 400
18 100
19 100
20 210
21 450
22 120 
23 300
24 450
25 200
26 150
1 1 2826.41
1 2 3266.12
1 3 1339.81
1 4 4475.25
1 5 640.62
1 6 1343.02
1 7 496.32
1 8 795.63
1 9 3649.71
1 10 1284.13 
1 11 3464.46
1 12 3674.43
1 13 3092.93
1 14 3688.37
1 15 3631.78
1 16 816.33
1 17 2805.10
1 18 2118.18
1 19 3348.12
1 20 3313.19
1 21 1356.15
1 22 2634.02
1 23 3299.51
1 24 918.95
1 25 3166.62
1 26 1865.15
2 1 2176.94
2 2 2842.72
2 3 583.33
2 4 4625.95
2 5 923.14
2 6 1493.72
2 7 480.42
2 8 768.07
2 9 3083.13
2 10 808.08
2 11 2810.99
2 12 3251.03
2 13 2443.46
2 14 3839.07
2 15 2982.32
2 16 1209.42
2 17 2955.80
2 18 1694.78
2 19 2698.65
2 20 3463.89
2 21 505.14
2 22 1984.53
2 23 2876.11
2 24 98.95
2 25 2600.03
2 26 953.70
3 1 308.12
3 2 1876.63
3 3 1238.78
3 4 4563.28
3 5 2270.75
3 6 2520.78
3 7 2291.29
3 8 2878.93
3 9 1110.34
3 10 1584.14
3 11 946.19
3 12 2594.59
3 13 574.64
3 14 4864.73
3 15 1113.52
3 16 3020.28
3 17 3984.51
3 18 1337.78
3 19 829.85
3 20 4492.59
3 21 1519.24
3 22 115.74
3 23 1540.29
3 24 1881.43
3 25 1037.25
3 26 1089.84
4 1 1752.69
4 2 594.33
4 3 2101.37
4 4 2788.95
4 5 2234.93
4 6 2142.07
4 7 2725.52
4 8 3013.16
4 9 1210.30
4 10 1416.77
4 11 1868.79
4 12 1179.37
4 13 1805.75
4 14 2002.06
4 15 1718.17
4 16 3454.52
4 17 3604.15
4 18 624.64
4 19 1737.27
4 20 4112.23
4 21 2534.55
4 22 1924.64
4 23 639.00
4 24 2344.05
4 25 616.31
4 26 2618.31
1 1 1343.02 
1 2 1482.62
1 3 2883.28
2 1 1493.72
2 2 916.05
2 3 2233.82
3 1 2520.78
3 2 1383.22
3 3 398.97
4 1 2142.07
4 2 1389.86
4 3 1251.74
1 1 2831.48    
1 2 2738.44
1 3 1610.15
1 4 3130.63
1 5 712.58
1 6 0
1 7 1708.27
1 8 2007.59
1 9 3344.74 
1 10 936.57
1 11 3469.54
1 12 3347.09
1 13 3098.01
1 14 2347.74
1 15 3636.87
1 16 2167.64
1 17 1460.48
1 18 1590.50
1 19 3353.21
1 20 1968.56
1 21 2016.27
1 22 2639.11
1 23 2771.83
1 24 1613.53
1 25 2626.08
1 26 2125.26
2 1 1689.90
2 2 1966.74 
2 3 435.77
2 4 4277.81
2 5 1058.97
2 6 1071.02
2 7 1406.05
2 8 1693.70
2 9 2203.15
2 10 207.28
2 11 2307.95
2 12 2395.58
2 13 1953.42
2 14 3490.93
2 15 2495.28
2 16 2135.05
2 17 2604.61
2 18 818.80
2 19 2211.62
2 20 3112.70
2 21 1168.92
2 22 1497.52
2 23 2000.12
2 24 2024.58
2 25 1720.05
2 26 1252.72
3 1 478.51
3 2 1667.72
3 3 1604.92
3 4 4067.58
3 5 2627.87
3 6 2714.47
3 7 2656.43
3 8 2947.08
3 9 853.54
3 10 1777.83
3 11 795.18
3 12 2200.57
3 13 717.30
3 14 3280.69
3 15 953.79
3 16 3385.43
3 17 4101.20
3 18 1131.47
3 19 714.02
3 20 4686.29
3 21 1884.34
3 22 515.51
3 23 1146.27
3 24 2246.57
3 25 643.23
3 26 1489.61
